Frame,Z1,Z2,Delta_Z,Abs_Delta_Z
1,70.84,70.35,-0.4900000000000091,0.4900000000000091
2,69.3,70.37,1.0700000000000074,1.0700000000000074
3,68.68,70.11,1.4299999999999926,1.4299999999999926
4,68.62,70.24,1.6199999999999903,1.6199999999999903
5,68.75,70.57,1.8199999999999932,1.8199999999999932
6,69.37,70.67,1.2999999999999972,1.2999999999999972
7,68.75,70.94,2.1899999999999977,2.1899999999999977
8,69.02,70.74,1.7199999999999989,1.7199999999999989
9,69.26,70.51,1.25,1.25
10,69.24,70.69,1.4500000000000028,1.4500000000000028
11,69.31,70.64,1.3299999999999983,1.3299999999999983
12,68.88,70.59,1.710000000000008,1.710000000000008
13,69.71,70.75,1.0400000000000063,1.0400000000000063
14,68.87,70.53,1.6599999999999966,1.6599999999999966
15,68.89,70.85,1.9599999999999937,1.9599999999999937
16,68.79,70.77,1.9799999999999898,1.9799999999999898
17,69.0,70.75,1.75,1.75
18,69.06,70.36,1.2999999999999972,1.2999999999999972
19,69.24,71.0,1.7600000000000051,1.7600000000000051
20,68.51,70.94,2.4299999999999926,2.4299999999999926
21,68.78,71.14,2.3599999999999994,2.3599999999999994
22,68.33,70.91,2.5799999999999983,2.5799999999999983
23,68.33,71.19,2.8599999999999994,2.8599999999999994
24,68.34,70.96,2.6199999999999903,2.6199999999999903
25,68.46,71.12,2.660000000000011,2.660000000000011
26,68.67,71.49,2.819999999999993,2.819999999999993
27,68.44,71.2,2.760000000000005,2.760000000000005
28,68.48,71.19,2.7099999999999937,2.7099999999999937
29,68.76,70.88,2.1199999999999903,2.1199999999999903
30,68.86,71.83,2.969999999999999,2.969999999999999
31,68.19,70.89,2.700000000000003,2.700000000000003
32,68.12,71.53,3.4099999999999966,3.4099999999999966
33,68.62,70.63,2.009999999999991,2.009999999999991
34,69.01,70.86,1.8499999999999943,1.8499999999999943
35,68.58,70.65,2.0700000000000074,2.0700000000000074
36,68.73,71.16,2.4299999999999926,2.4299999999999926
37,68.86,71.61,2.75,2.75
38,68.94,71.26,2.3200000000000074,2.3200000000000074
39,68.83,71.47,2.6400000000000006,2.6400000000000006
40,69.2,71.32,2.1199999999999903,2.1199999999999903
41,68.6,70.93,2.3300000000000125,2.3300000000000125
42,69.05,71.56,2.510000000000005,2.510000000000005
43,68.9,71.21,2.309999999999988,2.309999999999988
44,69.12,70.98,1.8599999999999994,1.8599999999999994
45,69.0,71.57,2.569999999999993,2.569999999999993
46,69.11,71.57,2.4599999999999937,2.4599999999999937
47,68.66,71.04,2.3800000000000097,2.3800000000000097
48,69.06,71.53,2.469999999999999,2.469999999999999
49,68.47,71.02,2.549999999999997,2.549999999999997
50,69.08,71.24,2.1599999999999966,2.1599999999999966
51,68.85,71.17,2.3200000000000074,2.3200000000000074
52,68.52,70.77,2.25,2.25
53,68.12,70.5,2.3799999999999955,2.3799999999999955
54,68.56,71.3,2.739999999999995,2.739999999999995
55,68.77,70.85,2.0799999999999983,2.0799999999999983
56,68.53,70.82,2.289999999999992,2.289999999999992
57,68.14,70.84,2.700000000000003,2.700000000000003
58,68.46,70.84,2.3800000000000097,2.3800000000000097
59,68.55,70.57,2.019999999999996,2.019999999999996
60,68.23,70.67,2.4399999999999977,2.4399999999999977
61,68.47,70.58,2.1099999999999994,2.1099999999999994
62,68.31,70.98,2.6700000000000017,2.6700000000000017
63,68.94,71.32,2.3799999999999955,2.3799999999999955
64,68.73,71.18,2.450000000000003,2.450000000000003
65,68.59,70.99,2.3999999999999915,2.3999999999999915
66,68.29,71.33,3.039999999999992,3.039999999999992
67,68.82,71.05,2.230000000000004,2.230000000000004
68,69.02,70.81,1.7900000000000063,1.7900000000000063
69,68.39,71.15,2.760000000000005,2.760000000000005
70,68.4,70.82,2.4199999999999875,2.4199999999999875
71,68.81,70.75,1.9399999999999977,1.9399999999999977
72,68.84,70.74,1.8999999999999915,1.8999999999999915
73,69.43,70.89,1.4599999999999937,1.4599999999999937
74,68.89,71.36,2.469999999999999,2.469999999999999
75,67.89,71.46,3.569999999999993,3.569999999999993
76,68.69,71.3,2.6099999999999994,2.6099999999999994
77,68.29,71.21,2.9199999999999875,2.9199999999999875
78,68.4,71.26,2.8599999999999994,2.8599999999999994
79,68.89,71.37,2.480000000000004,2.480000000000004
80,68.73,71.63,2.8999999999999915,2.8999999999999915
81,68.82,71.25,2.430000000000007,2.430000000000007
82,68.7,71.54,2.8400000000000034,2.8400000000000034
83,68.77,71.44,2.6700000000000017,2.6700000000000017
84,68.91,71.39,2.480000000000004,2.480000000000004
85,68.16,71.47,3.3100000000000023,3.3100000000000023
86,68.97,71.42,2.450000000000003,2.450000000000003
87,68.78,71.56,2.780000000000001,2.780000000000001
88,68.2,71.34,3.1400000000000006,3.1400000000000006
89,68.23,70.84,2.6099999999999994,2.6099999999999994
90,68.42,71.21,2.789999999999992,2.789999999999992
91,68.02,71.06,3.0400000000000063,3.0400000000000063
92,68.71,71.46,2.75,2.75
93,69.32,71.46,2.1400000000000006,2.1400000000000006
94,68.84,71.44,2.5999999999999943,2.5999999999999943
95,69.19,71.34,2.1500000000000057,2.1500000000000057
96,68.95,71.35,2.3999999999999915,2.3999999999999915
97,69.02,71.4,2.3800000000000097,2.3800000000000097
98,68.59,71.39,2.799999999999997,2.799999999999997
99,68.81,71.23,2.4200000000000017,2.4200000000000017
100,68.44,71.84,3.4000000000000057,3.4000000000000057
101,68.54,71.54,3.0,3.0
102,68.25,70.89,2.6400000000000006,2.6400000000000006
103,68.47,70.73,2.260000000000005,2.260000000000005
104,68.5,71.32,2.819999999999993,2.819999999999993
105,68.71,71.77,3.0600000000000023,3.0600000000000023
106,68.95,71.39,2.4399999999999977,2.4399999999999977
107,68.88,71.18,2.3000000000000114,2.3000000000000114
108,69.05,71.57,2.519999999999996,2.519999999999996
109,69.16,70.91,1.75,1.75
110,68.72,70.66,1.9399999999999977,1.9399999999999977
111,69.07,71.37,2.3000000000000114,2.3000000000000114
112,68.63,71.62,2.990000000000009,2.990000000000009
113,68.12,71.23,3.1099999999999994,3.1099999999999994
114,68.98,71.27,2.289999999999992,2.289999999999992
115,68.75,71.74,2.989999999999995,2.989999999999995
116,68.95,71.09,2.1400000000000006,2.1400000000000006
117,68.94,71.46,2.519999999999996,2.519999999999996
118,68.53,71.02,2.489999999999995,2.489999999999995
119,68.46,71.08,2.6200000000000045,2.6200000000000045
120,68.62,71.44,2.819999999999993,2.819999999999993
121,68.57,71.37,2.8000000000000114,2.8000000000000114
122,68.16,70.86,2.700000000000003,2.700000000000003
123,68.41,70.99,2.5799999999999983,2.5799999999999983
124,68.48,70.9,2.4200000000000017,2.4200000000000017
125,68.08,70.27,2.1899999999999977,2.1899999999999977
126,68.74,70.7,1.960000000000008,1.960000000000008
127,67.89,70.11,2.219999999999999,2.219999999999999
128,67.81,70.39,2.5799999999999983,2.5799999999999983
129,67.72,70.13,2.4099999999999966,2.4099999999999966
130,67.48,70.19,2.7099999999999937,2.7099999999999937
131,67.29,70.21,2.9199999999999875,2.9199999999999875
132,67.93,71.0,3.069999999999993,3.069999999999993
133,68.23,70.46,2.2299999999999898,2.2299999999999898
134,67.43,69.79,2.3599999999999994,2.3599999999999994
135,67.71,70.69,2.980000000000004,2.980000000000004
136,67.42,69.98,2.5600000000000023,2.5600000000000023
137,67.57,70.02,2.450000000000003,2.450000000000003
138,67.73,70.47,2.739999999999995,2.739999999999995
139,68.0,70.59,2.5900000000000034,2.5900000000000034
140,67.88,70.25,2.3700000000000045,2.3700000000000045
141,67.93,70.52,2.589999999999989,2.589999999999989
142,68.04,70.68,2.6400000000000006,2.6400000000000006
143,67.9,70.33,2.4299999999999926,2.4299999999999926
144,68.73,70.43,1.7000000000000028,1.7000000000000028
145,68.15,70.62,2.469999999999999,2.469999999999999
146,68.59,70.5,1.9099999999999966,1.9099999999999966
147,68.12,70.43,2.3100000000000023,2.3100000000000023
148,68.26,71.13,2.8699999999999903,2.8699999999999903
149,69.06,70.99,1.9299999999999926,1.9299999999999926
150,68.86,70.97,2.1099999999999994,2.1099999999999994
151,67.91,70.58,2.6700000000000017,2.6700000000000017
152,68.05,70.33,2.280000000000001,2.280000000000001
153,68.02,70.42,2.4000000000000057,2.4000000000000057
154,68.3,70.72,2.4200000000000017,2.4200000000000017
155,68.89,70.73,1.8400000000000034,1.8400000000000034
156,67.97,70.69,2.719999999999999,2.719999999999999
157,68.27,71.11,2.8400000000000034,2.8400000000000034
158,67.89,70.5,2.6099999999999994,2.6099999999999994
159,68.45,70.14,1.6899999999999977,1.6899999999999977
160,68.1,70.39,2.2900000000000063,2.2900000000000063
161,68.37,70.38,2.009999999999991,2.009999999999991
162,68.31,70.48,2.1700000000000017,2.1700000000000017
163,67.71,70.18,2.470000000000013,2.470000000000013
164,68.21,70.55,2.3400000000000034,2.3400000000000034
165,67.79,70.61,2.819999999999993,2.819999999999993
166,68.2,70.38,2.1799999999999926,2.1799999999999926
167,68.15,70.45,2.299999999999997,2.299999999999997
168,68.4,70.67,2.269999999999996,2.269999999999996
169,68.05,70.88,2.8299999999999983,2.8299999999999983
170,68.46,70.4,1.940000000000012,1.940000000000012
171,67.87,70.55,2.6799999999999926,2.6799999999999926
172,68.13,70.64,2.510000000000005,2.510000000000005
173,67.79,70.02,2.2299999999999898,2.2299999999999898
174,67.66,70.46,2.799999999999997,2.799999999999997
175,67.83,70.89,3.0600000000000023,3.0600000000000023
176,67.73,70.37,2.6400000000000006,2.6400000000000006
177,68.49,71.13,2.6400000000000006,2.6400000000000006
178,68.11,71.06,2.950000000000003,2.950000000000003
179,68.18,71.49,3.309999999999988,3.309999999999988
180,68.0,71.06,3.0600000000000023,3.0600000000000023
181,68.4,70.64,2.239999999999995,2.239999999999995
182,68.09,70.76,2.6700000000000017,2.6700000000000017
183,68.54,70.9,2.3599999999999994,2.3599999999999994
184,68.23,71.17,2.9399999999999977,2.9399999999999977
185,68.18,70.85,2.6699999999999875,2.6699999999999875
186,68.21,71.07,2.8599999999999994,2.8599999999999994
187,68.37,71.39,3.019999999999996,3.019999999999996
188,68.29,71.19,2.8999999999999915,2.8999999999999915
189,68.38,70.7,2.3200000000000074,2.3200000000000074
190,67.99,70.77,2.780000000000001,2.780000000000001
191,68.21,70.76,2.5500000000000114,2.5500000000000114
192,67.82,70.61,2.7900000000000063,2.7900000000000063
193,68.3,70.63,2.3299999999999983,2.3299999999999983
194,68.5,70.79,2.2900000000000063,2.2900000000000063
195,68.43,70.58,2.1499999999999915,2.1499999999999915
196,68.19,70.49,2.299999999999997,2.299999999999997
197,68.33,70.69,2.3599999999999994,2.3599999999999994
198,68.6,71.11,2.510000000000005,2.510000000000005
199,68.72,70.93,2.210000000000008,2.210000000000008
200,68.99,71.02,2.030000000000001,2.030000000000001
201,68.71,71.29,2.5800000000000125,2.5800000000000125
202,68.8,71.01,2.210000000000008,2.210000000000008
203,68.94,71.38,2.4399999999999977,2.4399999999999977
204,68.31,71.13,2.819999999999993,2.819999999999993
205,68.45,70.83,2.3799999999999955,2.3799999999999955
206,68.39,71.3,2.9099999999999966,2.9099999999999966
207,68.34,70.89,2.549999999999997,2.549999999999997
208,68.55,70.96,2.4099999999999966,2.4099999999999966
209,69.03,71.11,2.0799999999999983,2.0799999999999983
210,68.61,70.95,2.3400000000000034,2.3400000000000034
211,68.69,70.98,2.2900000000000063,2.2900000000000063
212,68.5,71.02,2.519999999999996,2.519999999999996
213,68.95,70.73,1.7800000000000011,1.7800000000000011
214,68.92,71.05,2.1299999999999955,2.1299999999999955
215,69.01,71.44,2.4299999999999926,2.4299999999999926
216,69.2,71.81,2.6099999999999994,2.6099999999999994
217,69.15,71.41,2.259999999999991,2.259999999999991
218,69.69,71.54,1.8500000000000085,1.8500000000000085
219,68.92,70.96,2.039999999999992,2.039999999999992
220,68.74,71.8,3.0600000000000023,3.0600000000000023
221,68.84,71.67,2.8299999999999983,2.8299999999999983
222,68.48,72.17,3.6899999999999977,3.6899999999999977
223,68.95,70.96,2.009999999999991,2.009999999999991
224,69.27,71.43,2.160000000000011,2.160000000000011
225,68.62,71.5,2.8799999999999955,2.8799999999999955
226,68.69,70.89,2.200000000000003,2.200000000000003
227,69.0,71.02,2.019999999999996,2.019999999999996
228,68.68,70.77,2.089999999999989,2.089999999999989
229,69.17,71.04,1.8700000000000045,1.8700000000000045
230,68.99,70.8,1.8100000000000023,1.8100000000000023
231,69.42,71.18,1.7600000000000051,1.7600000000000051
232,68.75,70.94,2.1899999999999977,2.1899999999999977
233,69.14,70.95,1.8100000000000023,1.8100000000000023
234,68.88,70.74,1.8599999999999994,1.8599999999999994
235,68.46,71.13,2.6700000000000017,2.6700000000000017
236,69.01,70.71,1.6999999999999886,1.6999999999999886
237,68.89,70.67,1.7800000000000011,1.7800000000000011
238,68.85,71.5,2.6500000000000057,2.6500000000000057
239,68.71,70.43,1.720000000000013,1.720000000000013
240,69.25,70.99,1.7399999999999949,1.7399999999999949
241,68.63,70.83,2.200000000000003,2.200000000000003
242,68.67,70.31,1.6400000000000006,1.6400000000000006
243,68.22,71.06,2.8400000000000034,2.8400000000000034
244,68.54,70.69,2.1499999999999915,2.1499999999999915
245,69.05,70.97,1.9200000000000017,1.9200000000000017
246,69.39,71.05,1.6599999999999966,1.6599999999999966
247,69.03,71.1,2.069999999999993,2.069999999999993
248,68.81,71.21,2.3999999999999915,2.3999999999999915
249,68.77,71.21,2.4399999999999977,2.4399999999999977
250,69.37,71.36,1.9899999999999949,1.9899999999999949
251,69.14,71.36,2.219999999999999,2.219999999999999
252,69.13,70.94,1.8100000000000023,1.8100000000000023
253,68.92,70.78,1.8599999999999994,1.8599999999999994
254,68.32,70.23,1.9100000000000108,1.9100000000000108
255,68.89,70.51,1.6200000000000045,1.6200000000000045
256,68.65,70.23,1.5799999999999983,1.5799999999999983
257,68.51,70.63,2.1199999999999903,2.1199999999999903
258,68.83,70.36,1.5300000000000011,1.5300000000000011
259,68.74,70.46,1.7199999999999989,1.7199999999999989
260,68.73,70.69,1.9599999999999937,1.9599999999999937
261,68.84,70.46,1.6199999999999903,1.6199999999999903
262,68.77,70.61,1.8400000000000034,1.8400000000000034
263,68.54,70.15,1.6099999999999994,1.6099999999999994
264,69.34,70.67,1.3299999999999983,1.3299999999999983
265,68.81,70.5,1.6899999999999977,1.6899999999999977
266,69.25,70.38,1.1299999999999955,1.1299999999999955
267,69.12,70.73,1.6099999999999994,1.6099999999999994
268,69.35,70.73,1.3800000000000097,1.3800000000000097
269,69.12,70.73,1.6099999999999994,1.6099999999999994
270,68.9,70.49,1.5899999999999892,1.5899999999999892
271,69.02,70.9,1.8800000000000097,1.8800000000000097
272,69.25,71.18,1.9300000000000068,1.9300000000000068
273,69.11,71.35,2.239999999999995,2.239999999999995
274,68.66,70.85,2.1899999999999977,2.1899999999999977
275,68.8,70.45,1.6500000000000057,1.6500000000000057
276,69.54,71.02,1.4799999999999898,1.4799999999999898
277,68.99,70.58,1.5900000000000034,1.5900000000000034
278,68.51,70.82,2.309999999999988,2.309999999999988
279,69.04,70.77,1.7299999999999898,1.7299999999999898
280,68.71,70.8,2.0900000000000034,2.0900000000000034
281,68.44,70.87,2.430000000000007,2.430000000000007
282,69.08,70.47,1.3900000000000006,1.3900000000000006
283,68.53,70.92,2.3900000000000006,2.3900000000000006
284,68.47,70.64,2.1700000000000017,2.1700000000000017
285,68.65,70.91,2.259999999999991,2.259999999999991
286,68.9,71.04,2.1400000000000006,2.1400000000000006
287,69.25,70.38,1.1299999999999955,1.1299999999999955
288,68.81,70.92,2.1099999999999994,2.1099999999999994
289,68.92,70.59,1.6700000000000017,1.6700000000000017
290,68.66,70.7,2.0400000000000063,2.0400000000000063
291,68.91,70.83,1.9200000000000017,1.9200000000000017
292,68.56,70.44,1.8799999999999955,1.8799999999999955
293,68.2,70.88,2.6799999999999926,2.6799999999999926
294,69.17,70.6,1.4299999999999926,1.4299999999999926
295,69.46,70.96,1.5,1.5
296,69.14,70.85,1.7099999999999937,1.7099999999999937
297,69.11,70.58,1.4699999999999989,1.4699999999999989
298,68.72,69.75,1.0300000000000011,1.0300000000000011
299,68.5,70.71,2.2099999999999937,2.2099999999999937
300,68.91,70.56,1.6500000000000057,1.6500000000000057
301,69.06,70.26,1.2000000000000028,1.2000000000000028
302,68.88,70.32,1.4399999999999977,1.4399999999999977
303,68.59,70.41,1.8199999999999932,1.8199999999999932
304,68.57,70.24,1.6700000000000017,1.6700000000000017
305,69.07,70.93,1.8600000000000136,1.8600000000000136
306,68.88,70.58,1.7000000000000028,1.7000000000000028
307,69.16,70.22,1.0600000000000023,1.0600000000000023
308,69.33,70.48,1.1500000000000057,1.1500000000000057
309,69.0,69.94,0.9399999999999977,0.9399999999999977
310,69.01,70.37,1.3599999999999994,1.3599999999999994
311,69.32,70.44,1.1200000000000045,1.1200000000000045
312,68.9,70.3,1.3999999999999915,1.3999999999999915
313,68.91,69.9,0.9900000000000091,0.9900000000000091
314,68.78,70.33,1.5499999999999972,1.5499999999999972
315,69.04,70.32,1.279999999999987,1.279999999999987
316,68.9,70.52,1.6199999999999903,1.6199999999999903
317,69.02,71.02,2.0,2.0
318,68.97,70.38,1.4099999999999966,1.4099999999999966
319,69.05,70.99,1.9399999999999977,1.9399999999999977
320,68.75,70.75,2.0,2.0
321,69.24,70.48,1.240000000000009,1.240000000000009
322,68.85,70.37,1.5200000000000102,1.5200000000000102
323,69.12,70.6,1.4799999999999898,1.4799999999999898
324,69.55,71.2,1.6500000000000057,1.6500000000000057
325,69.48,70.79,1.3100000000000023,1.3100000000000023
326,69.09,71.18,2.0900000000000034,2.0900000000000034
327,68.87,70.32,1.4499999999999886,1.4499999999999886
328,69.32,70.87,1.5500000000000114,1.5500000000000114
329,69.19,70.64,1.4500000000000028,1.4500000000000028
330,69.05,70.55,1.5,1.5
331,69.25,70.63,1.3799999999999955,1.3799999999999955
332,68.43,70.95,2.519999999999996,2.519999999999996
333,68.51,70.77,2.259999999999991,2.259999999999991
334,69.01,70.48,1.4699999999999989,1.4699999999999989
335,68.76,70.48,1.7199999999999989,1.7199999999999989
336,68.96,70.65,1.690000000000012,1.690000000000012
337,68.51,70.36,1.8499999999999943,1.8499999999999943
338,68.98,70.42,1.4399999999999977,1.4399999999999977
339,68.86,70.3,1.4399999999999977,1.4399999999999977
340,68.99,70.54,1.5500000000000114,1.5500000000000114
341,68.89,70.11,1.2199999999999989,1.2199999999999989
342,69.32,70.59,1.2700000000000102,1.2700000000000102
343,68.83,70.52,1.6899999999999977,1.6899999999999977
344,69.04,70.27,1.2299999999999898,1.2299999999999898
345,69.3,70.39,1.0900000000000034,1.0900000000000034
346,68.29,70.22,1.9299999999999926,1.9299999999999926
347,68.59,70.5,1.9099999999999966,1.9099999999999966
348,68.69,70.21,1.519999999999996,1.519999999999996
349,68.4,70.27,1.8699999999999903,1.8699999999999903
350,68.42,70.3,1.8799999999999955,1.8799999999999955
351,68.15,69.99,1.8399999999999892,1.8399999999999892
352,68.29,70.05,1.759999999999991,1.759999999999991
353,68.56,70.41,1.8499999999999943,1.8499999999999943
354,68.38,70.23,1.8500000000000085,1.8500000000000085
355,68.76,70.69,1.9299999999999926,1.9299999999999926
356,68.49,70.14,1.6500000000000057,1.6500000000000057
357,69.01,70.81,1.7999999999999972,1.7999999999999972
358,68.94,70.39,1.4500000000000028,1.4500000000000028
359,68.58,70.3,1.7199999999999989,1.7199999999999989
360,68.58,71.02,2.4399999999999977,2.4399999999999977
361,68.38,70.57,2.1899999999999977,2.1899999999999977
362,68.63,70.37,1.740000000000009,1.740000000000009
363,69.32,70.89,1.5700000000000074,1.5700000000000074
364,68.58,70.55,1.9699999999999989,1.9699999999999989
365,68.89,70.33,1.4399999999999977,1.4399999999999977
366,68.88,70.4,1.5200000000000102,1.5200000000000102
367,68.85,70.36,1.5100000000000051,1.5100000000000051
368,68.86,70.0,1.1400000000000006,1.1400000000000006
369,68.55,70.0,1.4500000000000028,1.4500000000000028
370,68.85,69.85,1.0,1.0
371,68.15,70.52,2.3699999999999903,2.3699999999999903
372,68.38,70.32,1.9399999999999977,1.9399999999999977
373,69.03,70.23,1.2000000000000028,1.2000000000000028
374,69.54,70.55,1.009999999999991,1.009999999999991
375,68.81,70.59,1.7800000000000011,1.7800000000000011
376,68.72,70.57,1.8499999999999943,1.8499999999999943
377,68.39,70.83,2.4399999999999977,2.4399999999999977
378,68.56,70.75,2.1899999999999977,2.1899999999999977
379,68.6,70.76,2.160000000000011,2.160000000000011
380,68.76,70.41,1.6499999999999915,1.6499999999999915
381,68.45,69.84,1.3900000000000006,1.3900000000000006
382,68.36,70.22,1.8599999999999994,1.8599999999999994
383,68.58,69.99,1.4099999999999966,1.4099999999999966
384,68.1,70.08,1.980000000000004,1.980000000000004
385,68.94,70.09,1.1500000000000057,1.1500000000000057
386,68.78,70.32,1.539999999999992,1.539999999999992
387,68.44,70.08,1.6400000000000006,1.6400000000000006
388,68.56,70.4,1.8400000000000034,1.8400000000000034
389,69.62,70.48,0.8599999999999994,0.8599999999999994
390,69.02,70.4,1.3800000000000097,1.3800000000000097
391,69.33,70.68,1.3500000000000085,1.3500000000000085
392,68.54,70.44,1.8999999999999915,1.8999999999999915
393,69.01,70.49,1.4799999999999898,1.4799999999999898
394,69.18,70.7,1.519999999999996,1.519999999999996
395,68.79,70.64,1.8499999999999943,1.8499999999999943
396,68.35,70.67,2.3200000000000074,2.3200000000000074
397,68.84,70.37,1.5300000000000011,1.5300000000000011
398,69.37,70.57,1.1999999999999886,1.1999999999999886
399,69.36,70.55,1.1899999999999977,1.1899999999999977
400,69.45,70.09,0.6400000000000006,0.6400000000000006
401,69.09,70.84,1.75,1.75
402,68.93,69.96,1.029999999999987,1.029999999999987
403,69.59,70.57,0.9799999999999898,0.9799999999999898
404,68.63,70.42,1.7900000000000063,1.7900000000000063
405,69.59,70.28,0.6899999999999977,0.6899999999999977
406,68.51,70.59,2.0799999999999983,2.0799999999999983
407,69.02,70.44,1.4200000000000017,1.4200000000000017
408,69.04,70.36,1.3199999999999932,1.3199999999999932
409,69.79,70.64,0.8499999999999943,0.8499999999999943
410,69.92,70.5,0.5799999999999983,0.5799999999999983
411,68.92,70.12,1.2000000000000028,1.2000000000000028
412,69.1,70.35,1.25,1.25
413,69.33,70.45,1.1200000000000045,1.1200000000000045
414,69.88,70.6,0.7199999999999989,0.7199999999999989
415,68.99,70.54,1.5500000000000114,1.5500000000000114
416,68.98,70.46,1.4799999999999898,1.4799999999999898
417,68.97,70.57,1.5999999999999943,1.5999999999999943
418,69.21,71.0,1.7900000000000063,1.7900000000000063
419,69.56,70.9,1.3400000000000034,1.3400000000000034
420,69.27,70.8,1.5300000000000011,1.5300000000000011
421,69.1,70.86,1.7600000000000051,1.7600000000000051
422,69.01,70.92,1.9099999999999966,1.9099999999999966
423,69.7,71.1,1.3999999999999915,1.3999999999999915
424,69.28,70.81,1.5300000000000011,1.5300000000000011
425,69.6,70.88,1.2800000000000011,1.2800000000000011
426,69.65,70.93,1.2800000000000011,1.2800000000000011
427,69.56,70.59,1.0300000000000011,1.0300000000000011
428,69.57,70.8,1.230000000000004,1.230000000000004
429,68.99,70.55,1.5600000000000023,1.5600000000000023
430,69.36,70.75,1.3900000000000006,1.3900000000000006
431,69.31,71.06,1.75,1.75
432,69.68,70.61,0.9299999999999926,0.9299999999999926
433,68.83,69.85,1.019999999999996,1.019999999999996
434,69.18,70.58,1.3999999999999915,1.3999999999999915
435,69.64,70.96,1.3199999999999932,1.3199999999999932
436,69.43,69.98,0.5499999999999972,0.5499999999999972
437,69.9,70.39,0.4899999999999949,0.4899999999999949
438,69.12,70.54,1.4200000000000017,1.4200000000000017
439,69.47,70.07,0.5999999999999943,0.5999999999999943
440,69.67,70.41,0.7399999999999949,0.7399999999999949
441,69.66,70.26,0.6000000000000085,0.6000000000000085
442,68.42,70.09,1.6700000000000017,1.6700000000000017
443,68.81,70.58,1.769999999999996,1.769999999999996
444,68.78,70.66,1.8799999999999955,1.8799999999999955
445,68.94,70.48,1.5400000000000063,1.5400000000000063
446,69.36,70.97,1.6099999999999994,1.6099999999999994
447,69.23,70.14,0.9099999999999966,0.9099999999999966
448,68.98,70.0,1.019999999999996,1.019999999999996
449,68.92,70.35,1.4299999999999926,1.4299999999999926
450,69.21,71.0,1.7900000000000063,1.7900000000000063
451,68.73,70.19,1.4599999999999937,1.4599999999999937
452,69.55,70.9,1.3500000000000085,1.3500000000000085
453,69.45,70.72,1.269999999999996,1.269999999999996
454,69.01,70.5,1.4899999999999949,1.4899999999999949
455,69.76,71.2,1.4399999999999977,1.4399999999999977
456,69.26,71.01,1.75,1.75
457,68.82,71.05,2.230000000000004,2.230000000000004
458,69.36,70.75,1.3900000000000006,1.3900000000000006
459,69.5,71.11,1.6099999999999994,1.6099999999999994
460,69.32,71.37,2.0500000000000114,2.0500000000000114
461,69.31,70.66,1.3499999999999943,1.3499999999999943
462,69.43,71.32,1.8899999999999864,1.8899999999999864
463,69.72,71.04,1.3200000000000074,1.3200000000000074
464,69.4,71.03,1.6299999999999955,1.6299999999999955
465,69.32,70.96,1.6400000000000006,1.6400000000000006
466,69.18,70.71,1.529999999999987,1.529999999999987
467,69.37,70.64,1.269999999999996,1.269999999999996
468,69.21,70.86,1.6500000000000057,1.6500000000000057
469,69.03,70.75,1.7199999999999989,1.7199999999999989
470,69.62,70.89,1.269999999999996,1.269999999999996
471,69.03,70.69,1.6599999999999966,1.6599999999999966
472,68.91,70.7,1.7900000000000063,1.7900000000000063
473,69.03,70.25,1.2199999999999989,1.2199999999999989
474,69.03,70.45,1.4200000000000017,1.4200000000000017
475,69.17,70.76,1.5900000000000034,1.5900000000000034
476,69.28,70.37,1.0900000000000034,1.0900000000000034
477,69.33,70.62,1.2900000000000063,1.2900000000000063
478,69.52,70.65,1.1300000000000097,1.1300000000000097
479,69.53,70.49,0.9599999999999937,0.9599999999999937
480,69.66,70.7,1.0400000000000063,1.0400000000000063
481,69.05,70.46,1.4099999999999966,1.4099999999999966
482,69.38,70.52,1.1400000000000006,1.1400000000000006
483,69.31,70.83,1.519999999999996,1.519999999999996
484,69.03,70.46,1.4299999999999926,1.4299999999999926
485,69.25,70.81,1.5600000000000023,1.5600000000000023
486,69.47,70.98,1.5100000000000051,1.5100000000000051
487,69.15,70.45,1.2999999999999972,1.2999999999999972
488,69.22,70.51,1.2900000000000063,1.2900000000000063
489,69.4,70.43,1.0300000000000011,1.0300000000000011
490,69.79,70.07,0.2799999999999869,0.2799999999999869
491,69.35,70.72,1.3700000000000045,1.3700000000000045
492,68.98,70.28,1.2999999999999972,1.2999999999999972
493,69.25,70.41,1.1599999999999966,1.1599999999999966
494,69.28,70.42,1.1400000000000006,1.1400000000000006
495,69.08,70.45,1.3700000000000045,1.3700000000000045
496,69.53,70.78,1.25,1.25
497,69.74,69.93,0.19000000000001194,0.19000000000001194
498,69.42,70.71,1.289999999999992,1.289999999999992
499,68.98,70.68,1.7000000000000028,1.7000000000000028
500,69.39,71.02,1.6299999999999955,1.6299999999999955
501,69.48,70.85,1.3699999999999903,1.3699999999999903
502,69.57,70.59,1.0200000000000102,1.0200000000000102
503,69.29,71.21,1.9199999999999875,1.9199999999999875
504,69.11,70.67,1.5600000000000023,1.5600000000000023
505,69.18,70.39,1.2099999999999937,1.2099999999999937
506,69.15,70.33,1.1799999999999926,1.1799999999999926
507,69.02,70.15,1.1300000000000097,1.1300000000000097
508,69.06,70.35,1.289999999999992,1.289999999999992
509,68.8,70.32,1.519999999999996,1.519999999999996
510,68.71,70.63,1.9200000000000017,1.9200000000000017
511,69.52,70.5,0.980000000000004,0.980000000000004
512,69.34,69.8,0.45999999999999375,0.45999999999999375
513,69.23,70.15,0.9200000000000017,0.9200000000000017
514,69.31,70.36,1.0499999999999972,1.0499999999999972
515,69.35,70.29,0.9400000000000119,0.9400000000000119
516,68.74,70.0,1.2600000000000051,1.2600000000000051
517,68.95,70.58,1.6299999999999955,1.6299999999999955
518,69.16,70.56,1.4000000000000057,1.4000000000000057
519,68.75,70.65,1.9000000000000057,1.9000000000000057
520,68.9,70.49,1.5899999999999892,1.5899999999999892
521,69.49,70.52,1.0300000000000011,1.0300000000000011
522,69.59,70.42,0.8299999999999983,0.8299999999999983
523,68.94,70.22,1.2800000000000011,1.2800000000000011
524,68.76,70.54,1.7800000000000011,1.7800000000000011
525,69.64,70.49,0.8499999999999943,0.8499999999999943
526,68.9,70.14,1.2399999999999949,1.2399999999999949
527,69.12,70.51,1.3900000000000006,1.3900000000000006
528,69.07,70.45,1.3800000000000097,1.3800000000000097
529,69.48,70.55,1.0699999999999932,1.0699999999999932
530,69.53,70.69,1.1599999999999966,1.1599999999999966
531,69.15,70.51,1.3599999999999994,1.3599999999999994
532,68.99,70.67,1.6800000000000068,1.6800000000000068
533,69.3,70.42,1.1200000000000045,1.1200000000000045
534,69.55,70.34,0.7900000000000063,0.7900000000000063
535,69.59,70.07,0.47999999999998977,0.47999999999998977
536,69.23,70.77,1.539999999999992,1.539999999999992
537,69.22,70.59,1.3700000000000045,1.3700000000000045
538,69.17,70.78,1.6099999999999994,1.6099999999999994
539,69.27,70.53,1.2600000000000051,1.2600000000000051
540,68.81,70.36,1.5499999999999972,1.5499999999999972
541,68.95,70.18,1.230000000000004,1.230000000000004
542,69.36,70.26,0.9000000000000057,0.9000000000000057
543,69.09,70.0,0.9099999999999966,0.9099999999999966
544,68.86,70.29,1.4300000000000068,1.4300000000000068
545,69.15,70.17,1.019999999999996,1.019999999999996
546,69.81,70.36,0.5499999999999972,0.5499999999999972
547,69.64,70.69,1.0499999999999972,1.0499999999999972
548,68.24,70.7,2.460000000000008,2.460000000000008
549,69.52,70.81,1.2900000000000063,1.2900000000000063
550,68.92,70.2,1.2800000000000011,1.2800000000000011
551,68.64,70.6,1.9599999999999937,1.9599999999999937
552,68.74,70.34,1.6000000000000085,1.6000000000000085
553,69.25,70.2,0.9500000000000028,0.9500000000000028
554,69.21,70.03,0.8200000000000074,0.8200000000000074
555,69.32,70.29,0.9700000000000131,0.9700000000000131
556,69.61,71.12,1.5100000000000051,1.5100000000000051
557,68.86,70.58,1.7199999999999989,1.7199999999999989
558,69.47,70.72,1.25,1.25
559,69.47,70.67,1.2000000000000028,1.2000000000000028
560,69.45,70.2,0.75,0.75
561,69.63,69.67,0.04000000000000625,0.04000000000000625
562,69.92,70.75,0.8299999999999983,0.8299999999999983
563,69.03,70.47,1.4399999999999977,1.4399999999999977
564,69.26,69.85,0.5899999999999892,0.5899999999999892
565,69.28,70.36,1.0799999999999983,1.0799999999999983
566,68.56,70.38,1.8199999999999932,1.8199999999999932
567,69.22,70.88,1.6599999999999966,1.6599999999999966
568,69.22,70.76,1.5400000000000063,1.5400000000000063
569,68.9,70.5,1.5999999999999943,1.5999999999999943
570,69.26,70.95,1.6899999999999977,1.6899999999999977
571,68.73,70.5,1.769999999999996,1.769999999999996
572,68.73,70.13,1.3999999999999915,1.3999999999999915
573,68.93,70.53,1.5999999999999943,1.5999999999999943
574,69.28,70.98,1.7000000000000028,1.7000000000000028
575,68.47,70.41,1.9399999999999977,1.9399999999999977
576,68.27,70.15,1.8800000000000097,1.8800000000000097
577,69.33,70.59,1.2600000000000051,1.2600000000000051
578,69.43,70.81,1.3799999999999955,1.3799999999999955
579,69.59,70.64,1.0499999999999972,1.0499999999999972
580,69.38,70.52,1.1400000000000006,1.1400000000000006
581,69.31,70.71,1.3999999999999915,1.3999999999999915
582,69.19,71.17,1.980000000000004,1.980000000000004
583,69.24,70.74,1.5,1.5
584,69.04,71.14,2.0999999999999943,2.0999999999999943
585,69.3,70.61,1.3100000000000023,1.3100000000000023
586,69.3,70.41,1.1099999999999994,1.1099999999999994
587,69.62,70.93,1.3100000000000023,1.3100000000000023
588,68.68,70.44,1.759999999999991,1.759999999999991
589,68.92,70.54,1.6200000000000045,1.6200000000000045
590,69.11,70.65,1.5400000000000063,1.5400000000000063
591,69.13,70.74,1.6099999999999994,1.6099999999999994
592,69.2,70.61,1.4099999999999966,1.4099999999999966
593,69.06,70.79,1.730000000000004,1.730000000000004
594,69.6,71.22,1.6200000000000045,1.6200000000000045
595,69.54,70.6,1.059999999999988,1.059999999999988
596,69.37,71.2,1.8299999999999983,1.8299999999999983
597,69.21,70.98,1.7700000000000102,1.7700000000000102
598,69.61,70.82,1.2099999999999937,1.2099999999999937
599,69.39,70.94,1.5499999999999972,1.5499999999999972
600,69.59,71.11,1.519999999999996,1.519999999999996
601,69.22,70.33,1.1099999999999994,1.1099999999999994
602,68.9,70.76,1.8599999999999994,1.8599999999999994
603,69.11,70.61,1.5,1.5
604,69.33,71.46,2.1299999999999955,2.1299999999999955
605,69.4,70.83,1.4299999999999926,1.4299999999999926
606,69.77,71.41,1.6400000000000006,1.6400000000000006
607,69.32,71.57,2.25,2.25
608,69.04,71.61,2.569999999999993,2.569999999999993
609,69.29,71.01,1.7199999999999989,1.7199999999999989
610,69.59,70.85,1.259999999999991,1.259999999999991
611,68.79,71.08,2.289999999999992,2.289999999999992
612,68.63,70.65,2.0200000000000102,2.0200000000000102
613,68.49,70.98,2.490000000000009,2.490000000000009
614,69.28,71.43,2.1500000000000057,2.1500000000000057
615,68.57,70.94,2.3700000000000045,2.3700000000000045
616,68.47,70.97,2.5,2.5
617,68.89,71.3,2.4099999999999966,2.4099999999999966
618,68.98,71.21,2.2299999999999898,2.2299999999999898
619,68.91,71.13,2.219999999999999,2.219999999999999
620,68.41,71.07,2.6599999999999966,2.6599999999999966
621,68.46,71.09,2.6300000000000097,2.6300000000000097
622,69.0,70.76,1.7600000000000051,1.7600000000000051
623,68.81,71.06,2.25,2.25
624,68.8,71.28,2.480000000000004,2.480000000000004
625,68.72,71.2,2.480000000000004,2.480000000000004
626,69.19,71.23,2.0400000000000063,2.0400000000000063
627,68.43,70.66,2.2299999999999898,2.2299999999999898
628,68.21,71.02,2.8100000000000023,2.8100000000000023
629,68.2,70.83,2.6299999999999955,2.6299999999999955
630,68.7,70.62,1.9200000000000017,1.9200000000000017
631,68.54,70.65,2.1099999999999994,2.1099999999999994
632,68.38,70.93,2.5500000000000114,2.5500000000000114
633,68.87,70.69,1.8199999999999932,1.8199999999999932
634,69.21,71.12,1.9100000000000108,1.9100000000000108
635,68.75,71.03,2.280000000000001,2.280000000000001
636,69.16,70.34,1.1800000000000068,1.1800000000000068
637,68.61,70.86,2.25,2.25
638,69.43,71.09,1.6599999999999966,1.6599999999999966
639,69.15,71.47,2.319999999999993,2.319999999999993
640,69.55,71.26,1.710000000000008,1.710000000000008
641,69.3,70.92,1.6200000000000045,1.6200000000000045
642,69.45,71.67,2.219999999999999,2.219999999999999
643,69.18,71.45,2.269999999999996,2.269999999999996
644,69.13,71.36,2.230000000000004,2.230000000000004
645,69.17,71.28,2.1099999999999994,2.1099999999999994
646,69.5,70.86,1.3599999999999994,1.3599999999999994
647,69.0,71.44,2.4399999999999977,2.4399999999999977
648,68.99,71.21,2.219999999999999,2.219999999999999
649,69.26,70.71,1.4499999999999886,1.4499999999999886
650,69.05,71.09,2.0400000000000063,2.0400000000000063
651,68.61,70.86,2.25,2.25
652,68.85,71.83,2.980000000000004,2.980000000000004
653,68.9,71.3,2.3999999999999915,2.3999999999999915
654,69.11,71.09,1.980000000000004,1.980000000000004
655,69.56,70.93,1.3700000000000045,1.3700000000000045
656,69.02,71.07,2.049999999999997,2.049999999999997
657,68.46,71.95,3.490000000000009,3.490000000000009
658,69.0,71.85,2.8499999999999943,2.8499999999999943
659,69.24,71.33,2.0900000000000034,2.0900000000000034
660,69.3,71.72,2.4200000000000017,2.4200000000000017
661,69.08,71.67,2.5900000000000034,2.5900000000000034
662,68.61,71.77,3.1599999999999966,3.1599999999999966
663,68.92,71.32,2.3999999999999915,2.3999999999999915
664,69.56,71.67,2.1099999999999994,2.1099999999999994
665,68.75,71.38,2.6299999999999955,2.6299999999999955
666,68.64,71.57,2.9299999999999926,2.9299999999999926
667,68.32,71.59,3.2700000000000102,3.2700000000000102
668,68.51,70.99,2.4799999999999898,2.4799999999999898
669,69.55,71.57,2.019999999999996,2.019999999999996
670,69.03,71.14,2.1099999999999994,2.1099999999999994
671,68.95,71.39,2.4399999999999977,2.4399999999999977
672,68.95,71.45,2.5,2.5
673,68.63,71.49,2.8599999999999994,2.8599999999999994
674,69.32,71.53,2.210000000000008,2.210000000000008
675,68.98,70.99,2.009999999999991,2.009999999999991
676,69.64,71.39,1.75,1.75
677,68.96,70.87,1.9100000000000108,1.9100000000000108
678,68.68,71.22,2.539999999999992,2.539999999999992
679,68.93,71.2,2.269999999999996,2.269999999999996
680,70.64,71.05,0.4099999999999966,0.4099999999999966
681,69.21,71.74,2.530000000000001,2.530000000000001
682,69.1,71.25,2.1500000000000057,2.1500000000000057
683,69.03,71.01,1.980000000000004,1.980000000000004
684,68.24,71.17,2.930000000000007,2.930000000000007
685,69.51,70.99,1.4799999999999898,1.4799999999999898
686,70.16,70.98,0.8200000000000074,0.8200000000000074
687,69.23,71.64,2.4099999999999966,2.4099999999999966
688,69.22,71.62,2.4000000000000057,2.4000000000000057
689,68.98,71.26,2.280000000000001,2.280000000000001
690,69.61,71.66,2.049999999999997,2.049999999999997
691,69.58,71.6,2.019999999999996,2.019999999999996
692,69.4,71.77,2.3699999999999903,2.3699999999999903
693,69.31,71.25,1.9399999999999977,1.9399999999999977
694,69.83,71.43,1.6000000000000085,1.6000000000000085
695,69.68,70.92,1.2399999999999949,1.2399999999999949
696,69.4,71.3,1.8999999999999915,1.8999999999999915
697,69.04,71.47,2.4299999999999926,2.4299999999999926
698,69.37,71.45,2.0799999999999983,2.0799999999999983
699,69.74,71.84,2.1000000000000085,2.1000000000000085
700,69.79,71.22,1.4299999999999926,1.4299999999999926
701,68.8,71.49,2.6899999999999977,2.6899999999999977
702,69.7,71.54,1.8400000000000034,1.8400000000000034
703,69.7,71.62,1.9200000000000017,1.9200000000000017
704,69.11,71.16,2.049999999999997,2.049999999999997
705,69.95,71.3,1.3499999999999943,1.3499999999999943
706,69.22,71.47,2.25,2.25
707,69.26,71.6,2.339999999999989,2.339999999999989
708,70.67,71.65,0.980000000000004,0.980000000000004
709,69.59,71.3,1.7099999999999937,1.7099999999999937
710,69.2,71.09,1.8900000000000006,1.8900000000000006
711,68.68,71.1,2.4199999999999875,2.4199999999999875
712,69.71,71.01,1.3000000000000114,1.3000000000000114
713,69.59,71.51,1.9200000000000017,1.9200000000000017
714,69.21,70.98,1.7700000000000102,1.7700000000000102
715,68.6,71.09,2.490000000000009,2.490000000000009
716,68.61,71.09,2.480000000000004,2.480000000000004
717,68.92,71.33,2.4099999999999966,2.4099999999999966
718,68.92,70.87,1.9500000000000028,1.9500000000000028
719,69.39,70.97,1.5799999999999983,1.5799999999999983
720,68.62,71.35,2.7299999999999898,2.7299999999999898
721,68.7,70.96,2.259999999999991,2.259999999999991
722,68.65,70.67,2.019999999999996,2.019999999999996
723,69.21,71.37,2.160000000000011,2.160000000000011
724,69.94,71.17,1.230000000000004,1.230000000000004
725,68.84,71.47,2.6299999999999955,2.6299999999999955
726,68.38,70.61,2.230000000000004,2.230000000000004
727,68.95,71.27,2.319999999999993,2.319999999999993
728,69.29,71.17,1.8799999999999955,1.8799999999999955
729,70.07,71.21,1.1400000000000006,1.1400000000000006
730,70.03,71.03,1.0,1.0
731,69.78,71.39,1.6099999999999994,1.6099999999999994
732,69.6,70.77,1.1700000000000017,1.1700000000000017
733,69.8,71.3,1.5,1.5
734,69.88,71.0,1.1200000000000045,1.1200000000000045
735,70.25,71.32,1.0699999999999932,1.0699999999999932
736,69.97,71.36,1.3900000000000006,1.3900000000000006
737,70.17,71.15,0.980000000000004,0.980000000000004
738,69.49,71.56,2.0700000000000074,2.0700000000000074
739,69.18,71.11,1.9299999999999926,1.9299999999999926
740,69.64,71.31,1.6700000000000017,1.6700000000000017
741,70.23,71.09,0.8599999999999994,0.8599999999999994
742,69.44,70.93,1.490000000000009,1.490000000000009
743,69.44,70.68,1.240000000000009,1.240000000000009
744,69.64,71.02,1.3799999999999955,1.3799999999999955
745,70.04,71.07,1.029999999999987,1.029999999999987
746,70.68,71.14,0.45999999999999375,0.45999999999999375
747,70.91,71.22,0.3100000000000023,0.3100000000000023
748,70.21,71.08,0.8700000000000045,0.8700000000000045
749,69.1,70.97,1.8700000000000045,1.8700000000000045
750,69.89,71.21,1.3199999999999932,1.3199999999999932
751,70.04,70.95,0.9099999999999966,0.9099999999999966
752,70.0,71.07,1.0699999999999932,1.0699999999999932
753,69.18,70.72,1.539999999999992,1.539999999999992
754,70.08,70.72,0.6400000000000006,0.6400000000000006
755,69.22,70.47,1.25,1.25
756,69.68,70.97,1.289999999999992,1.289999999999992
757,69.02,70.66,1.6400000000000006,1.6400000000000006
758,69.56,70.84,1.2800000000000011,1.2800000000000011
759,69.02,70.73,1.710000000000008,1.710000000000008
760,69.77,71.39,1.6200000000000045,1.6200000000000045
761,69.46,71.24,1.7800000000000011,1.7800000000000011
762,69.55,71.19,1.6400000000000006,1.6400000000000006
763,69.22,70.48,1.2600000000000051,1.2600000000000051
764,69.18,70.91,1.7299999999999898,1.7299999999999898
765,69.22,70.98,1.7600000000000051,1.7600000000000051
766,69.41,71.25,1.8400000000000034,1.8400000000000034
767,69.78,71.02,1.2399999999999949,1.2399999999999949
768,69.45,71.02,1.5699999999999932,1.5699999999999932
769,69.15,70.67,1.519999999999996,1.519999999999996
770,69.61,70.8,1.1899999999999977,1.1899999999999977
771,68.77,70.7,1.9300000000000068,1.9300000000000068
772,69.57,71.47,1.9000000000000057,1.9000000000000057
773,69.31,70.95,1.6400000000000006,1.6400000000000006
774,69.07,70.63,1.5600000000000023,1.5600000000000023
775,69.65,70.6,0.9499999999999886,0.9499999999999886
776,69.71,70.68,0.9700000000000131,0.9700000000000131
777,69.65,70.64,0.9899999999999949,0.9899999999999949
778,69.55,70.92,1.3700000000000045,1.3700000000000045
779,69.17,70.74,1.5699999999999932,1.5699999999999932
780,69.91,70.72,0.8100000000000023,0.8100000000000023
781,69.64,71.18,1.5400000000000063,1.5400000000000063
782,69.88,70.91,1.0300000000000011,1.0300000000000011
783,70.09,71.14,1.0499999999999972,1.0499999999999972
784,70.09,71.05,0.9599999999999937,0.9599999999999937
785,69.94,71.0,1.0600000000000023,1.0600000000000023
786,69.67,70.73,1.0600000000000023,1.0600000000000023
787,69.86,71.03,1.1700000000000017,1.1700000000000017
788,69.68,70.79,1.1099999999999994,1.1099999999999994
789,70.21,70.39,0.18000000000000682,0.18000000000000682
790,70.41,70.24,-0.1700000000000017,0.1700000000000017
791,69.82,70.29,0.4700000000000131,0.4700000000000131
792,69.55,70.88,1.3299999999999983,1.3299999999999983
793,69.94,70.92,0.980000000000004,0.980000000000004
794,69.86,70.98,1.1200000000000045,1.1200000000000045
795,70.01,71.09,1.0799999999999983,1.0799999999999983
796,70.23,70.71,0.47999999999998977,0.47999999999998977
797,69.9,70.79,0.8900000000000006,0.8900000000000006
798,70.22,71.0,0.7800000000000011,0.7800000000000011
799,69.67,70.91,1.2399999999999949,1.2399999999999949
800,70.18,70.8,0.6199999999999903,0.6199999999999903
801,69.91,70.51,0.6000000000000085,0.6000000000000085
802,69.84,70.87,1.0300000000000011,1.0300000000000011
803,69.43,70.98,1.5499999999999972,1.5499999999999972
804,69.45,70.9,1.4500000000000028,1.4500000000000028
805,69.64,71.01,1.3700000000000045,1.3700000000000045
806,69.35,71.79,2.440000000000012,2.440000000000012
807,69.43,71.41,1.9799999999999898,1.9799999999999898
808,69.34,70.82,1.4799999999999898,1.4799999999999898
809,69.58,70.19,0.6099999999999994,0.6099999999999994
810,70.13,70.49,0.35999999999999943,0.35999999999999943
811,70.91,70.95,0.04000000000000625,0.04000000000000625
812,71.1,70.56,-0.539999999999992,0.539999999999992
813,70.3,70.41,0.10999999999999943,0.10999999999999943
814,70.4,70.91,0.5099999999999909,0.5099999999999909
815,69.8,70.55,0.75,0.75
816,69.57,70.42,0.8500000000000085,0.8500000000000085
817,70.16,70.65,0.4900000000000091,0.4900000000000091
818,70.01,70.94,0.9299999999999926,0.9299999999999926
819,70.23,70.96,0.7299999999999898,0.7299999999999898
820,69.73,71.07,1.3399999999999892,1.3399999999999892
821,70.14,70.66,0.519999999999996,0.519999999999996
822,69.98,71.09,1.1099999999999994,1.1099999999999994
823,70.33,70.78,0.45000000000000284,0.45000000000000284
824,70.06,70.63,0.5699999999999932,0.5699999999999932
825,69.81,71.18,1.3700000000000045,1.3700000000000045
826,71.71,70.97,-0.7399999999999949,0.7399999999999949
827,70.48,71.39,0.9099999999999966,0.9099999999999966
828,69.93,71.54,1.6099999999999994,1.6099999999999994
829,70.14,70.85,0.7099999999999937,0.7099999999999937
830,69.76,71.18,1.4200000000000017,1.4200000000000017
831,69.81,70.97,1.1599999999999966,1.1599999999999966
832,69.82,71.1,1.2800000000000011,1.2800000000000011
833,69.83,71.63,1.7999999999999972,1.7999999999999972
834,70.13,71.62,1.490000000000009,1.490000000000009
835,69.74,71.21,1.4699999999999989,1.4699999999999989
836,69.38,71.42,2.0400000000000063,2.0400000000000063
837,69.5,71.23,1.730000000000004,1.730000000000004
838,70.48,71.28,0.7999999999999972,0.7999999999999972
839,70.28,71.54,1.2600000000000051,1.2600000000000051
840,70.29,71.46,1.1699999999999875,1.1699999999999875
841,69.66,71.28,1.6200000000000045,1.6200000000000045
842,68.98,70.98,2.0,2.0
843,67.84,70.98,3.1400000000000006,3.1400000000000006
844,69.72,71.45,1.730000000000004,1.730000000000004
845,71.01,71.15,0.14000000000000057,0.14000000000000057
846,69.86,71.95,2.0900000000000034,2.0900000000000034
847,70.29,71.62,1.3299999999999983,1.3299999999999983
848,69.6,71.06,1.460000000000008,1.460000000000008
849,70.43,71.39,0.9599999999999937,0.9599999999999937
850,70.48,71.44,0.9599999999999937,0.9599999999999937
851,69.64,70.99,1.3499999999999943,1.3499999999999943
852,69.95,70.79,0.8400000000000034,0.8400000000000034
853,69.44,70.8,1.3599999999999994,1.3599999999999994
854,69.26,71.25,1.9899999999999949,1.9899999999999949
855,69.94,71.82,1.8799999999999955,1.8799999999999955
856,69.53,71.02,1.4899999999999949,1.4899999999999949
857,70.04,71.22,1.1799999999999926,1.1799999999999926
858,70.43,71.72,1.289999999999992,1.289999999999992
859,69.89,71.36,1.4699999999999989,1.4699999999999989
860,69.57,71.23,1.6600000000000108,1.6600000000000108
861,70.11,71.89,1.7800000000000011,1.7800000000000011
862,70.01,71.74,1.7299999999999898,1.7299999999999898
863,69.9,71.02,1.1199999999999903,1.1199999999999903
864,69.84,71.3,1.4599999999999937,1.4599999999999937
865,69.93,71.38,1.4499999999999886,1.4499999999999886
866,69.48,70.54,1.0600000000000023,1.0600000000000023
867,69.02,70.55,1.5300000000000011,1.5300000000000011
868,70.5,70.6,0.09999999999999432,0.09999999999999432
869,68.78,70.92,2.1400000000000006,2.1400000000000006
870,70.1,71.22,1.1200000000000045,1.1200000000000045
871,70.54,71.18,0.6400000000000006,0.6400000000000006
872,70.23,71.38,1.1499999999999915,1.1499999999999915
873,69.25,71.43,2.180000000000007,2.180000000000007
874,69.48,71.02,1.539999999999992,1.539999999999992
875,68.85,71.92,3.0700000000000074,3.0700000000000074
876,69.71,71.19,1.480000000000004,1.480000000000004
877,68.97,71.12,2.1500000000000057,2.1500000000000057
878,69.27,70.94,1.6700000000000017,1.6700000000000017
879,69.73,70.86,1.1299999999999955,1.1299999999999955
880,69.43,70.89,1.4599999999999937,1.4599999999999937
881,69.71,71.53,1.8200000000000074,1.8200000000000074
882,69.84,71.38,1.539999999999992,1.539999999999992
883,69.38,70.58,1.2000000000000028,1.2000000000000028
884,70.63,71.13,0.5,0.5
885,69.86,71.31,1.4500000000000028,1.4500000000000028
886,70.13,71.09,0.960000000000008,0.960000000000008
887,70.5,71.24,0.7399999999999949,0.7399999999999949
888,69.82,71.08,1.2600000000000051,1.2600000000000051
889,69.83,71.2,1.3700000000000045,1.3700000000000045
890,69.7,71.1,1.3999999999999915,1.3999999999999915
891,70.85,71.49,0.6400000000000006,0.6400000000000006
892,69.87,71.05,1.1799999999999926,1.1799999999999926
893,70.14,71.16,1.019999999999996,1.019999999999996
894,70.29,71.47,1.1799999999999926,1.1799999999999926
895,70.52,71.01,0.4900000000000091,0.4900000000000091
896,69.98,71.66,1.6799999999999926,1.6799999999999926
897,70.17,71.38,1.2099999999999937,1.2099999999999937
898,70.41,71.54,1.1300000000000097,1.1300000000000097
899,70.53,71.5,0.9699999999999989,0.9699999999999989
900,71.12,71.89,0.769999999999996,0.769999999999996
901,70.14,71.84,1.7000000000000028,1.7000000000000028
902,70.0,71.5,1.5,1.5
903,69.57,70.75,1.1800000000000068,1.1800000000000068
904,69.9,71.49,1.5899999999999892,1.5899999999999892
905,69.35,71.33,1.980000000000004,1.980000000000004
906,70.46,71.2,0.7400000000000091,0.7400000000000091
907,70.56,71.37,0.8100000000000023,0.8100000000000023
908,70.16,71.57,1.4099999999999966,1.4099999999999966
909,70.73,71.31,0.5799999999999983,0.5799999999999983
910,69.84,71.19,1.3499999999999943,1.3499999999999943
911,70.07,71.19,1.1200000000000045,1.1200000000000045
912,70.23,71.27,1.039999999999992,1.039999999999992
913,70.39,71.04,0.6500000000000057,0.6500000000000057
914,70.03,71.7,1.6700000000000017,1.6700000000000017
915,69.91,71.54,1.6300000000000097,1.6300000000000097
916,70.03,70.97,0.9399999999999977,0.9399999999999977
917,70.04,71.04,1.0,1.0
918,69.92,71.22,1.2999999999999972,1.2999999999999972
919,70.14,71.03,0.8900000000000006,0.8900000000000006
920,69.83,70.68,0.8500000000000085,0.8500000000000085
921,69.36,71.02,1.6599999999999966,1.6599999999999966
922,70.01,71.11,1.0999999999999943,1.0999999999999943
923,69.84,70.16,0.3199999999999932,0.3199999999999932
924,69.96,71.1,1.1400000000000006,1.1400000000000006
925,69.77,71.16,1.3900000000000006,1.3900000000000006
926,69.71,70.9,1.190000000000012,1.190000000000012
927,69.13,70.97,1.8400000000000034,1.8400000000000034
928,70.44,70.89,0.45000000000000284,0.45000000000000284
929,70.27,70.72,0.45000000000000284,0.45000000000000284
930,69.7,71.28,1.5799999999999983,1.5799999999999983
931,70.08,71.33,1.25,1.25
932,69.83,71.41,1.5799999999999983,1.5799999999999983
933,69.39,71.46,2.069999999999993,2.069999999999993
934,69.91,70.84,0.9300000000000068,0.9300000000000068
935,70.2,71.49,1.289999999999992,1.289999999999992
936,69.74,71.39,1.6500000000000057,1.6500000000000057
937,69.63,71.56,1.9300000000000068,1.9300000000000068
938,69.82,71.14,1.3200000000000074,1.3200000000000074
939,70.69,71.3,0.6099999999999994,0.6099999999999994
940,70.15,70.95,0.7999999999999972,0.7999999999999972
941,70.29,71.04,0.75,0.75
942,69.78,70.88,1.0999999999999943,1.0999999999999943
943,69.97,70.8,0.8299999999999983,0.8299999999999983
944,69.83,70.93,1.1000000000000085,1.1000000000000085
945,69.94,70.46,0.519999999999996,0.519999999999996
946,69.98,71.14,1.1599999999999966,1.1599999999999966
947,69.2,70.65,1.4500000000000028,1.4500000000000028
948,69.22,70.92,1.7000000000000028,1.7000000000000028
949,69.71,70.86,1.1500000000000057,1.1500000000000057
950,69.63,70.88,1.25,1.25
951,69.7,70.88,1.1799999999999926,1.1799999999999926
952,69.3,70.81,1.5100000000000051,1.5100000000000051
953,70.37,71.1,0.7299999999999898,0.7299999999999898
954,69.99,71.18,1.190000000000012,1.190000000000012
955,69.43,70.6,1.1699999999999875,1.1699999999999875
956,69.45,70.68,1.230000000000004,1.230000000000004
957,69.46,70.92,1.460000000000008,1.460000000000008
958,69.45,70.04,0.5900000000000034,0.5900000000000034
959,69.46,70.8,1.3400000000000034,1.3400000000000034
960,68.81,70.7,1.8900000000000006,1.8900000000000006
961,69.53,70.3,0.769999999999996,0.769999999999996
962,70.21,70.04,-0.1699999999999875,0.1699999999999875
963,69.59,70.46,0.8699999999999903,0.8699999999999903
964,69.42,70.87,1.4500000000000028,1.4500000000000028
965,69.1,70.76,1.6600000000000108,1.6600000000000108
966,69.61,70.19,0.5799999999999983,0.5799999999999983
967,69.75,70.62,0.8700000000000045,0.8700000000000045
968,69.12,70.36,1.2399999999999949,1.2399999999999949
969,69.71,71.04,1.3300000000000125,1.3300000000000125
970,69.0,70.86,1.8599999999999994,1.8599999999999994
971,69.96,71.15,1.190000000000012,1.190000000000012
972,70.15,70.69,0.539999999999992,0.539999999999992
973,69.92,71.55,1.6299999999999955,1.6299999999999955
974,70.24,71.15,0.9100000000000108,0.9100000000000108
975,69.72,71.17,1.4500000000000028,1.4500000000000028
976,69.89,70.81,0.9200000000000017,0.9200000000000017
977,69.77,71.56,1.7900000000000063,1.7900000000000063
978,69.79,70.61,0.8199999999999932,0.8199999999999932
979,69.59,71.82,2.2299999999999898,2.2299999999999898
980,70.16,71.29,1.1300000000000097,1.1300000000000097
981,69.77,71.26,1.490000000000009,1.490000000000009
982,69.77,71.28,1.5100000000000051,1.5100000000000051
983,69.64,70.71,1.0699999999999932,1.0699999999999932
984,70.26,71.17,0.9099999999999966,0.9099999999999966
985,71.36,71.52,0.1599999999999966,0.1599999999999966
986,70.08,71.13,1.0499999999999972,1.0499999999999972
987,70.97,71.44,0.46999999999999886,0.46999999999999886
988,71.33,71.27,-0.060000000000002274,0.060000000000002274
989,70.04,71.38,1.3399999999999892,1.3399999999999892
990,69.71,71.29,1.5800000000000125,1.5800000000000125
991,70.07,71.7,1.6300000000000097,1.6300000000000097
992,69.86,71.41,1.5499999999999972,1.5499999999999972
993,69.98,70.88,0.8999999999999915,0.8999999999999915
994,69.79,71.59,1.7999999999999972,1.7999999999999972
995,71.31,71.82,0.5099999999999909,0.5099999999999909
996,69.79,71.56,1.769999999999996,1.769999999999996
997,69.41,71.27,1.8599999999999994,1.8599999999999994
998,70.11,71.29,1.1800000000000068,1.1800000000000068
999,70.13,71.65,1.5200000000000102,1.5200000000000102
1000,69.58,71.26,1.6800000000000068,1.6800000000000068
1001,69.29,71.0,1.7099999999999937,1.7099999999999937
